3803
7663
6561
5502
9614
8204
4640
5388
3027
8750
3136
6298
7094
4621
9678
7514
2614
1392
1367
4063
2900
115
908
7213
8760
4774
9629
3189
556
427
7330
5852
4667
1713
306
5364
6655
6137
2854
8912
1829
8317
3625
3970
3581
4308
4405
7293
6666
2057
708
8091
7198
6831
2802
2337
2884
4871
6359
528
2846
2091
184
4457
6263
6084
6069
5405
1022
4873
402
7842
6532
9480
4426
2719
5929
3949
500
951
6177
1591
4910
6211
6642
5731
5835
9287
3067
5470
8461
4706
8044
9569
8319
9132
4802
9023
1597
2242
8880
6493
7465
9025
790
9017
840
7174
8522
3904
9108
7316
5441
6314
2677
8748
5132
7728
2643
359
9005
7400
960
8115
258
4407
9872
3555
7958
2248
6478
3197
3252
9073
1287
2932
2523
3873
2100
670
6606
6390
5421
5867
9384
1719
4761
7974
9036
871
3616
9902
1141
7765
1429
3347
3234
7789
993
2044
5590
6517
736
1790
7030
4322
9751
863
1106
8421
6777
1650
2539
2013
6936
5468
7334
4368
2817
4311
3677
8417
5946
8412
7634
8047
9941
1236
9204
4798
7613
9354
3142
5466
5998
4898
362
8927
1600
5357
5447
3190
3139
5369
3491
5241
1833
8780
811
9962
3792
3473
3796
9053
7495
3969
8278
7025
4800
4660
8100
5568
2225
2223
8804
1860
9612
5609
5423
6453
8479
1005
6474
3894
4366
6667
3309
7828
6874
1252
3737
2950
62
3538
5363
538
7382
2727
5671
7248
4848
3655
5511
272
52
8814
6031
4615
7427
729
9605
910
9212
553
7941
8598
1573
3590
4167
2341
7038
1783
9937
2586
7354
6273
6854
6128
7922
9095
7140
2457
8365
1948
7807
6068
8405
8415
9347
907
6875
4391
1058
3856
3372
3202
437
1348
9556
7800
8401
5732
5895
311
9115
1978
4613
8274
1712
41
9900
7642
7577
8090
1828
3011
2158
5602
4806
1219
2237
4475
5191
3674
967
327
4996
3193
3024
558
3289
7650
3913
4587
9342
3914
5987
8296
3012
6941
1694
6146
7179
6005
5834
9268
8959
6295
8024
4764
5793
3523
6909
5377
1242
6331
2993
855
9373
2734
5829
2245
8430
9236
1641
9216
3184
4098
5297
2631
1683
3525
7509
8101
2651
873
9263
1114
7809
8916
8976
2604
4904
7950
1679
1475
703
3897
7896
5127
8854
7709
1081
8985
750
6337
5021
5197
8386
4398
6888
5206
6184
1570
6763
6792
7761
5496
2955
7371
4616
8266
805
1142
445
6893
5230
4969
2161
4963
9503
5494
1900
7409
7837
9219
8144
5858
7872
2190
431
1247
4791
4857
4646
190
9174
5029
747
3492
7461
7736
9648
8766
1707
1791
9428
844
4672
4002
1592
2490
1706
3033
3172
2529
1983
5837
6163
7417
3224
1753
804
2442
6235
5629
3645
9314
308
490
8607
200
5505
2530
7653
789
4469
3709
7740
9316
4442
6522
5028
2799
6626
1088
9101
3718
8491
4155
5559
3273
6947
1731
8737
3259
9725
7552
4896
1465
6402
374
9294
6830
2287
2780
9889
1451
9760
757
4880
9211
3188
2135
8133
1068
1536
2522
3715
6762
8254
793
8575
5150
7292
2386
4967
1862
3977
656
7635
7319
1377
7114
7337
7956
8402
3122
5265
3936
32
4290
5879
5439
3901
8887
9853
7617
9956
147
2058
7714
281
1794
1515
5281
1836
8497
8651
1933
9169
3461
6143
9013
6470
5497
9832
6417
1991
3684
7384
1997
9523
2103
2931
8185
6434
9769
2552
1887
7916
326
3167
9157
2006
4267
4435
4557
4987
6374
7238
2274
5054
6486
1218
7745
3001
2288
3099
94
2437
6044
9257
2807
2123
7791
55
8883
9368
6682
9280
7520
3413
3506
4903
2505
9164
1735
3629
5542
6347
3703
9260
1774
4938
2052
5696
2662
7491
6354
7445
797
8563
9861
9869
5880
4089
927
8931
4771
4361
4288
2482
9002
5478
7821
2652
9475
3560
1482
6688
9173
277
2050
9543
8654
5694
7575
3355
2739
8449
1974
6555
4985
4923
9166
5958
6828
5449
5535
6790
2393
1050
8403
4208
8142
3419
8922
5212
6974
3829
2115
4779
6024
2804
5552
2994
2642
63
9076
4735
1853
1614
2751
1349
3720
4152
1265
6341
5266
7200
732
4603
4636
3468
2921
1405
1370
8085
6278
5418
1330
7569
955
8670
2355
7412
7777
7963
9950
3034
8155
5593
6870
8495
2917
8099
6418
4157
1752
7693
1032
8448
5975
5679
7218
2294
9179
2526
9412
3733
5371
8033
1174
3304
3643
7197
1434
7999
2429
2836
8041
7244
2765
4770
4490
1455
7411
9395
2912
5410
1741
9081
463
5326
9742
8573
3373
3088
1317
1438
2897
6332
7708
3850
4277
455
1426
7944
8165
3559
3673
3963
7169
2262
4040
7251
604
5515
2513
1714
7501
860
4207
8039
999
4956
3863
1973
4248
8629
9600
7808
4446
7431
4719
952
933
4758
3002
4115
1904
8908
3225
9440
1956
2962
5842
218
3921
1095
1932
5167
8426
583
6646
5907
8986
7135
5090
6201
8682
3687
14
1499
4175
5225
5504
5289
6252
8977
2740
7831
5585
4628
7261
5096
4664
4772
8633
9089
1665
4990
4622
5488
622
1534
1427
2445
9821
5827
7981
4055
8283
7624
9424
5190
8440
5221
6567
3118
3685
6287
1289
6876
7677
9289
5092
3712
4038
9189
4907
7070
8399
4841
7659
5595
168
4690
6516
6180
2617
2973
4632
800
3156
988
7049
1450
9575
7201
579
7526
6060
7237
5330
6364
726
1888
9484
1782
2027
3448
8724
547
1131
2299
1055
6020
6430
5036
6620
8652
4105
5283
5816
8805
6802
4462
1199
5427
1309
2762
7553
2372
5360
8892
3466
4351
8343
4728
4315
8369
2078
982
2047
8622
4889
6436
8080
8982
8076
4592
9791
7858
2667
3820
1453
6526
370
4463
8175
4001
1525
1523
2979
8714
1812
544
6979
2969
9253
1209
6361
7866
3552
7338
8793
152
6443
1953
6901
9520
6644
7945
6392
6587
2400
718
426
5020
166
3884
557
6049
8291
5325
4180
5118
8351
1723
3743
2590
4062
4319
5530
3603
4050
2449
7498
3868
3948
9553
4151
4392
9753
1779
182
1054
3641
4582
9488
9928
6866
2197
5452
7637
2325
4000
6095
7919
4305
3018
3546
3991
3276
2514
9337
6369
2974
649
893
1548
7111
7638
8967
9087
3269
8367
1268
5892
7680
9623
7622
8996
876
1243
2205
3665
8550
8158
3180
411
2920
3861
5550
3158
5617
343
4139
8933
4352
5974
3662
7597
6711
1764
5750
595
3019
3133
164
1383
7551
4778
835
2534
6421
7142
2357
4543
6326
384
7760
7413
1793
442
8515
6213
8126
3757
5650
7367
3521
5192
8004
517
1274
552
8114
3411
4195
2965
1859
7483
3306
3298
8245
9159
2971
9370
8648
9871
432
3499
7480
9844
9464
7317
8556
3339
1732
391
5722
9163
6203
2467
2485
6469
4604
9122
9160
9692
5565
9261
8056
5949
9636
6915
9430
4659
1577
7621
1010
2210
9388
9672
3149
9566
5139
1705
4034
4881
9694
1896
7757
9222
3700
9290
7763
2148
3045
1105
8756
7256
9195
4501
630
3465
6921
4096
2291
6041
6649
8702
684
2423
8591
1542
5443
986
857
3815
6782
8981
7632
1950
5000
4227
6895
7481
3874
6158
7582
3337
4673
8701
388
5944
8987
5310
4920
9448
4529
7057
8320
9703
3362
3794
7960
7596
3472
652
1560
4443
5324
5836
149
2331
6570
2335
4537
1543
6432
1237
6035
9643
1215
6694
1163
1419
2641
7091
8799
2626
9558
9138
9227
2309
8137
4586
4194
3621
9325
211
4878
688
3987
422
2543
6900
9425
1212
5006
79
634
8494
1108
9350
1590
8095
2396
418
6686
5899
7240
3340
9363
7144
2356
7876
2235
4477
1283
7347
9804
3058
4500
5716
3241
5803
9752
5268
2695
3328
723
3666
4077
4025
4478
4474
8871
7656
1428
6713
1692
6949
266
294
1235
1510
6062
574
4335
9918
7426
3909
6294
6259
4464
8917
5301
1249
3414
5906
4977
5308
3348
9422
1041
9930
7405
6760
2255
7336
657
8486
5940
7021
8720
9926
4489
6376
7980
6734
3628
3266
5485
3112
3759
7966
195
1003
7141
9746
4971
8646
5970
278
6028
7478
2119
8477
4299
3728
1519
2512
6159
1312
5353
3892
8781
2494
2431
6865
2867
2203
6482
3622
9393
2560
3854
8903
1479
3648
4103
9680
7225
519
9702
6067
3889
8246
2343
6138
3050
2772
1270
3243
9611
4710
2055
7730
5259
2282
819
2021
9066
4723
6209
2327
5935
4974
6247
3055
3194
916
1269
2645
2698
1891
1152
1154
8086
5697
8692
5610
7396
3483
1098
2399
4137
3425
4386
6257
3354
8408
6835
8973
3497
6819
2970
4039
1495
2334
3070
6695
9012
6902
7567
8934
5454
6495
1716
892
2811
3876
3540
7331
1391
6320
8952
21
7739
2345
33
3173
3770
6327
7559
438
8206
239
6976
4124
6271
6787
925
322
4536
3800
9716
335
3676
5763
5034
307
8423
5554
5572
7952
5448
9656
4760
9901
5125
1670
8146
4348
4908
1137
6456
227
7925
8623
6207
7887
5969
5399
6933
6955
1414
8910
1423
1722
8457
5359
8744
8052
6670
6611
34
7096
5235
7606
1197
2915
4117
865
8558
1992
1533
8792
9511
9444
1149
1509
1867
6702
3508
5855
381
1661
4868
5831
7270
5247
2860
9573
640
9225
2366
9613
5288
3132
9828
7247
7844
9787
3423
7321
4065
8331
2686
2076
3187
8943
4187
7497
4427
5461
1082
9939
9057
9143
1486
5435
1399
7636
2160
4164
1357
1703
6663
9708
2142
563
3126
4163
9313
2049
6600
7795
5859
3268
7350
2659
400
8520
4460
2531
9451
6750
2584
2344
1546
7989
4801
3467
783
2212
5189
49
8476
5228
2116
347
8684
4060
4133
5332
957
8046
8130
479
6732
7212
3285
4895
679
822
9654
7104
8106
8450
2914
1777
725
1079
1188
8131
6509
4349
8393
6439
9074
9743
5105
8357
984
5316
3849
8524
8752
464
5620
3618
6076
5145
9496
396
9126
1551
1578
6592
7325
4654
9631
2272
1135
8859
5193
9375
6562
3781
8691
2715
1922
1087
2618
6182
4371
9960
7349
7029
127
2140
4224
1628
9048
8250
3600
1538
1447
3105
2435
2138
3908
8037
1781
1350
2114
2424
2318
9738
9544
4688
3609
6293
573
8107
5605
3223
8389
5147
9306
6758
1040
1849
8765
5857
5151
9453
1027
1695
3805
4509
1065
2758
263
9783
1225
549
7315
6590
61
1826
4068
2048
7762
3787
5860
6499
8151
6245
7611
5941
8688
542
171
7877
1540
8565
119
1672
2030
6958
7965
8442
1333
1468
3544
2508
4358
459
2745
8436
7608
8328
5856
494
5689
1618
9809
5994
2460
2249
2692
1286
1439
9186
2638
8999
9721
8867
8932
2936
753
7705
1750
9069
3446
5131
7799
5826
2910
917
5971
5861
8990
2130
9524
4997
6229
9931
2226
5023
1908
9180
9677
6243
4530
1185
1496
1733
9443
8235
9770
880
5051
35
1968
5988
7841
9682
5743
6550
673
4918
5625
2243
1889
8644
1773
6103
8385
4504
3275
3879
487
1852
2391
1827
6571
5964
501
6553
5908
2542
2257
4912
1521
9483
3333
8552
8653
7849
9308
3361
212
6579
1086
3331
9228
6528
6483
7040
545
9732
2923
7011
937
8806
1986
6446
6413
121
6441
6186
2675
8248
2472
2374
2353
9727
9763
4172
102
6881
4235
3164
7541
897
4431
9665
1664
5787
493
7301
2987
3992
6045
7855
6355
129
9141
5078
9322
2566
3108
530
4170
145
4127
887
7508
2760
7408
8619
8143
3691
3605
5368
2808
6968
5839
1132
2856
143
6023
4231
2706
9446
9818
5673
443
22
3646
8585
9165
8383
5500
8138
1470
8210
2252
3246
7818
5563
9244
3261
342
1830
1588
8452
3705
847
4325
1821
2625
5966
7264
6423
5264
674
2556
6744
5828
6496
7148
191
3719
8948
680
8809
2833
2377
7464
9798
132
2484
8735
720
358
3565
6794
9814
2303
3160
3717
7035
9209
1337
9585
3191
8015
2375
2373
7295
1921
7788
4280
8578
6115
4945
163
5250
8121
6692
6729
3430
945
3783
4409
5632
4606
241
8316
1776
1227
5425
6222
820
3952
698
313
5317
7365
9667
7691
9118
3228
5635
1937
6236
1245
5789
8798
9846
8339
949
5643
9586
8496
633
6907
8256
7187
1690
4354
5008
5925
5184
4807
8499
4205
6806
7829
9285
5675
2452
5582
2432
2106
9650
3201
2691
6643
2218
5178
1033
4336
2453
8687
8813
3598
5729
2333
6706
158
9355
9291
4496
2330
3819
2737
3651
4776
954
1975
7586
693
9020
1376
5606
7888
3961
9140
2680
4266
1160
2687
635
5738
7036
4330
8048
9912
6272
2177
5098
5019
4135
7171
8822
4578
9404
9676
3547
584
6419
4247
3744
8203
8312
2582
7343
125
7028
9176
6513
3323
5812
9068
8429
7990
7524
2276
2756
5623
537
4925
4410
4988
7216
7688
3043
3509
7689
8857
7183
9107
1049
1838
5719
1698
7570
5688
7914
7897
8754
5398
825
9865
3825
794
6935
901
124
3772
7879
4486
7581
8649
1813
7250
9518
7236
890
5909
7901
8953
3986
5581
6953
3571
8182
6977
5340
5298
7996
1320
978
8706
9625
9934
4390
813
6868
919
4458
8352
5536
8439
5903
8034
7312
1811
5619
6891
251
2679
6584
523
6279
2623
8842
5195
1943
7072
6639
2682
1038
3592
2110
8816
5227
7867
2402
1993
6735
8519
1883
1323
1053
1115
3870
961
8618
4665
7846
1508
9796
8788
5312
3522
4369
5237
5161
1531
1334
5272
446
8211
4600
7344
3335
8242
1371
3880
8614
7043
609
6559
284
5838
5196
9391
9813
695
189
4732
2469
9505
3239
3353
3808
2607
8381
8096
2796
5305
2192
367
5579
2571
2678
3176
5068
2587
4320
4112
489
3049
472
2790
8378
1727
8119
48
5989
315
3324
8958
3972
9833
8098
8864
2933
4745
2385
8061
6772
5267
6505
429
7889
1129
692
157
6435
3352
1360
5074
5395
2812
1736
283
7010
7594
2720
2368
6464
3311
1789
9949
9690
2581
4455
8031
371
3558
3235
6110
4730
2794
8761
9051
382
1147
4647
2575
6597
8455
8459
9156
5169
8453
9447
8110
8647
8236
3624
8055
3965
6131
9220
6030
84
6038
8493
6793
2658
531
4547
4411
8186
5780
3104
5986
5223
9651
5693
5352
2224
3303
9208
6155
515
9094
7627
6463
3456
3428
3074
6147
7894
3583
7242
5276
2070
3524
7838
586
3943
1099
4559
1205
8241
3587
1351
9550
5522
506
8611
6671
4225
8269
2206
8189
821
9679
1456
2388
6809
1418
5627
9568
521
2574
6450
2321
9880
1912
1059
8473
6377
5103
5523
1431
2872
9712
7535
4488
1266
9510
6913
1688
3279
4980
420
9895
2781
5797
5280
5622
2005
8183
2713
3155
2036
8731
8583
7976
5762
1918
8265
8918
8268
6323
541
9230
2663
2427
3046
1293
4580
9133
4138
3933
4852
3232
5904
7713
4209
4982
9317
5071
2478
6438
8546
4708
1595
8521
356
5863
4201
2313
9305
5599
170
4013
6636
5764
9312
9785
9067
5961
4571
2043
5130
3866
3517
457
6548
3680
9193
85
4922
983
1759
2095
19
3932
7684
3017
2976
2613
2443
3427
9893
6766
5224
7755
9790
7082
2853
6602
6219
1326
6832
9441
3837
1964
114
8310
5044
4009
3512
8762
8624
5136
9462
8749
5153
5172
1601
1610
8258
9932
4734
4444
9618
3751
8500
5174
9870
3415
6451
4236
6515
2818
3958
6628
8276
6818
8309
9390
8627
6334
5790
520
9662
3457
7263
7779
136
2173
8336
1910
3576
2163
4246
9255
1345
2316
1593
4419
6244
4729
8875
5984
5792
201
6614
8523
9531
2815
6195
1170
8006
30
2541
3416
7630
8112
6372
90
1905
3706
2750
8841
161
3211
2837
9423
1823
8032
8869
5480
264
4947
5817
9847
995
5050
2336
6721
8481
687
985
7875
5681
9933
9037
7654
4924
699
3129
8902
895
2199
6940
4554
5251
6231
914
6017
9033
5963
9221
9284
54
9854
7455
9146
1581
9380
7117
8437
4445
5294
9655
7913
2279
8445
2865
202
1023
722
525
1850
8998
1368
6543
8353
1806
454
1926
4989
2546
5282
1653
7690
7758
80
6983
3788
221
3418
2054
6139
7565
8736
6898
8656
4346
2609
6149
6740
788
2278
2232
6363
6224
4566
394
6082
9427
1885
6189
8104
9810
4275
5735
6768
4966
6594
7906
2813
931
5277
7994
2132
6942
5220
8462
6365
355
1767
7835
3556
2473
4425
7258
676
7819
7314
3707
3081
3844
3710
3004
3393
9127
7271
8683
2873
3029
6346
5483
4952
1366
8923
2938
4909
1488
7678
6558
2688
9458
273
6679
8734
3982
3905
3664
1569
8299
3830
9593
5049
3026
460
7165
3069
5467
7121
7752
5601
1700
4994
282
9454
3121
775
235
2322
1634
1001
5343
1740
2384
644
398
1984
363
5796
3956
142
5404
8827
9607
5158
4859
5409
3675
3631
7557
5187
7848
7564
9687
5712
4084
13
9161
3471
4095
3320
9817
7488
6512
1356
5375
7915
1923
9084
6609
1011
2209
8221
8102
5383
8511
299
7390
2564
9281
2871
1161
2902
5770
6411
9659
1064
5240
3076
1416
7333
4059
1222
5937
977
2957
7903
2502
5506
5832
2580
9457
9497
9777
9035
2764
3358
4046
2107
9431
6440
1505
8947
2793
7446
8796
7625
6276
3295
1574
5616
18
2879
5351
340
2785
4691
4456
444
3163
5329
2726
9054
1394
4527
9768
3636
474
193
8694
1554
4597
4717
3226
900
9762
4300
4044
965
3698
3455
9246
8078
1173
8773
7964
117
8171
2612
8782
8843
4671
3098
8674
8564
3021
8249
9463
7773
5451
6855
9408
7223
2963
9379
4408
1786
4054
2008
8817
6452
4747
4338
7538
8467
3633
9021
5482
8968
1253
8543
8290
5926
8828
6079
5143
9868
458
8434
2464
5759
1881
5319
534
2097
1066
7574
6833
2204
9594
295
9321
175
5121
1770
8079
2496
8170
4864
1799
7447
8199
7071
9116
8355
5603
9848
1977
3475
5144
6008
1949
5936
2417
853
1299
3062
7472
9686
8364
2315
2838
7711
2015
8727
453
2891
711
4341
6775
8303
6764
6959
1946
9704
770
3838
823
4189
5440
8904
3930
7670
6603
7853
413
8288
6291
8755
3249
3753
5037
2401
1616
7404
9875
5200
7626
6582
6026
2738
2803
2191
512
5980
8677
8431
6647
5583
7790
9202
312
5444
6424
894
8413
4094
8608
1130
2889
1305
6404
5213
4023
4123
9396
3835
8570
5362
3212
6618
7792
8561
4762
1702
5527
7658
1988
7143
5997
3093
5026
7802
3597
5306
8120
6966
4594
7335
8471
1630
8472
3198
1278
638
5079
719
2732
7015
20
3378
1420
2830
1060
2213
7712
7665
7931
2441
1711
7536
7764
4754
417
7978
4812
4438
5458
4722
6812
9884
4685
7857
3531
7113
112
7163
5024
743
4244
559
440
3795
8503
6073
3036
9827
8089
3599
130
2229
4538
1406
5133
118
3713
2066
285
8172
6616
1342
7782
1214
4820
8662
4011
4598
259
6168
8501
5243
4961
1870
5740
7741
4882
7737
8635
2022
7085
9184
2876
6059
5809
513
7702
5009
6321
93
9043
1290
6313
7013
1281
1638
9606
6689
5236
1501
752
8604
962
6
6338
3802
1840
773
2986
4870
4874
8592
9816
1017
7308
851
7259
4599
1822
9745
5484
1104
2639
6260
3216
7357
7830
354
7507
9890
8282
5242
3255
353
9152
9739
3865
1024
2510
6006
2657
6098
4451
8778
6821
4942
6455
4955
8980
5099
6281
8700
2471
7391
1691
738
4937
2633
856
1355
4291
1436
4160
250
6725
1611
6805
953
7340
44
3294
7073
7235
817
9103
2219
4738
286
2380
8970
3334
3537
6923
8356
369
7037
682
7120
4285
994
659
9669
9898
404
6613
7208
1121
224
4663
1467
6991
8879
3980
6317
1856
9666
5179
8010
8643
2211
2354
796
841
2824
5374
5652
9433
7133
2844
9644
4153
9398
9469
1118
7227
9249
9449
3577
2275
2841
5700
3883
253
7886
6785
5426
2697
113
4759
1393
5776
9343
5285
1677
2703
1696
3607
3935
7722
2611
4448
3092
812
2563
1272
6791
8994
6924
2953
898
1996
9797
8717
8509
6153
2438
81
3137
7610
1232
4144
1652
3721
6658
25
465
1146
1935
72
737
3364
4132
8216
2929
9237
1306
7018
7870
8664
498
2903
6339
403
8787
8699
6873
5990
293
8726
4097
4513
4863
2577
4533
9577
6403
4005
8384
2922
1947
681
846
2284
7753
3443
7151
9065
8772
4900
7386
7676
244
76
5791
3141
9336
3858
8333
7211
3107
9499
2708
1220
7389
3360
2620
257
1657
5690
849
9674
1963
4412
3052
2730
8686
4788
8824
5433
3229
7265
3290
1576
2295
6500
5238
4698
3206
809
2850
4004
1575
9546
9082
9303
8950
997
522
7599
4317
1413
9241
8326
5574
5135
385
3541
6303
7252
5785
6753
6973
4093
8243
8964
8767
9774
1035
3242
4638
8174
4380
8538
4223
5768
4830
662
207
9367
1502
9340
7079
8451
4436
4429
1944
3923
4334
2157
6274
2597
8295
6822
9851
3821
6986
265
6676
3377
2925
8388
9771
5286
6395
2200
1962
3900
4856
1076
4775
3148
9283
9492
9213
8334
9001
4797
6471
1831
4166
839
8314
1497
3878
2246
6305
5978
9402
1221
1757
6722
9688
4377
4238
9302
2307
323
2222
7288
192
2180
6125
9392
7401
1318
2182
4993
1127
4467
1902
9532
2298
1567
8881
6422
452
3405
3928
7793
70
3369
2014
1920
1674
1422
2412
8616
5677
2569
5379
3115
2392
776
1915
3486
9267
9699
7499
9736
9047
958
5553
4434
5234
4415
6585
3134
785
8660
6092
1048
4712
2967
9121
2511
8758
5800
3543
8807
9502
1062
3315
5038
3154
9720
2131
3617
9935
8978
1183
1945
1798
3761
8848
4817
5876
8586
4637
3386
5637
6757
2326
8207
5462
9111
769
9917
3217
8410
5745
8775
9537
5841
7824
9399
5104
1929
1390
845
5062
3942
5893
3917
3503
4652
6844
439
1654
6306
1379
4321
232
4470
1111
3437
8574
8218
3797
5698
2072
6525
8935
4310
8105
4459
304
5156
2855
1765
4074
7532
8779
2128
9172
606
8593
1425
7229
8774
2540
1449
9830
6356
6981
5080
2016
2477
8885
8704
1568
8719
5076
8723
5030
5726
2660
8853
318
8826
2567
328
8252
1686
5569
3568
6479
1697
4220
2367
4695
3114
7943
4423
694
5955
730
1843
5140
5784
6009
4648
8568
2250
4658
7418
5806
83
7462
2277
1906
6546
9582
2913
3899
749
6890
6905
3886
4819
4696
6319
8346
2863
4591
7787
6523
1480
3262
9293
262
2454
567
2775
4052
7815
7556
1539
2827
4215
2909
1710
3967
3258
2491
4555
7641
5894
1942
8049
7560
6869
8610
7249
6786
1487
3766
279
3539
7080
9327
8223
1941
5012
5518
7998
6807
744
8636
6194
739
2127
5920
4344
5692
7328
9513
6085
1250
7230
5120
9301
6803
7166
1491
5654
219
1254
3774
4385
4608
4833
2942
6200
5596
7428
5651
1308
631
3851
4218
590
8397
7675
4066
8846
6759
2648
6677
6399
3385
1172
6007
3826
2230
2711
6373
9479
4991
973
1872
1788
5100
3846
667
5972
4609
9525
3166
620
7494
7078
4120
2988
850
3896
2189
5547
9288
1441
4544
2503
6984
4150
7459
7959
2410
4297
6216
5469
1150
8601
1190
8712
5032
3692
6826
8184
1512
9823
2267
6036
230
3094
6018
8728
8819
3395
4865
8074
6547
6668
9740
9250
9452
8528
8657
2690
8850
8424
2519
7460
6710
9515
3679
4447
801
6796
5015
5604
9621
2266
424
4713
4507
1354
8797
2992
8237
3008
169
8330
7345
9315
4550
842
7806
3762
7377
1432
2338
5348
5210
6426
3284
2885
4022
3325
9119
7122
5715
4033
5928
320
2283
2233
8541
6126
9437
658
2455
66
4383
3213
1633
9382
906
9592
5327
1189
9046
7859
7668
8065
4114
8621
2779
1347
3696
9361
6879
2059
4858
7064
8972
1901
1701
57
3574
3611
2621
5204
6742
3082
6461
2247
6937
3384
1103
2661
5723
8478
5495
5814
7920
7191
1579
5336
1911
2555
4454
5053
6228
3934
3390
1303
3175
3520
2155
4984
6681
2828
4251
8709
6779
9864
4668
9645
5526
2324
5043
6714
3007
7257
6524
1100
9187
8279
5993
4450
8201
3263
4268
9381
7127
1136
1016
4420
8941
1008
156
4524
2774
3823
5514
1310
8148
8097
6693
2323
1080
134
4214
3941
3388
9957
9318
2150
3779
9445
8012
4376
1824
2099
183
2907
2383
4333
9567
9270
8525
1684
9713
9300
8220
349
6989
2053
8794
7645
7816
2186
2866
3072
6621
5063
3748
5501
3161
715
4957
4823
2742
675
5519
807
6055
375
6075
3317
1527
9866
6171
2476
8786
9394
5114
3095
1607
6475
7175
3124
2709
2125
4326
8506
3356
8285
4396
4057
4562
150
3090
3747
5349
2997
3822
8485
7437
7982
3445
7125
4260
828
2408
2149
5887
9786
4897
2516
214
6799
7219
9616
240
1474
5315
6192
1563
7968
9032
9642
2636
6385
7185
8663
3399
228
1594
5943
5786
1288
6965
6152
2002
1295
7034
6504
9233
8480
9467
8379
6322
3203
4727
3864
5531
2067
8584
2507
1204
621
106
9027
6894
9099
9155
2332
1361
2664
8597
3754
9079
2102
5933
2184
5137
2583
1401
5642
1599
2984
3661
9894
7735
9717
8926
946
1321
9052
7525
7834
5084
8732
4834
3912
4350
1602
6848
7718
5877
6034
798
981
4045
8746
7932
9527
6563
2935
4182
608
6719
3604
5822
1549
2877
6484
7267
3647
1970
4602
7443
4118
2495
4381
2892
5885
7020
6633
3458
3424
8292
3207
2446
6193
3451
3725
7940
8366
8650
1651
7810
7050
1809
6834
1958
9879
3379
386
4249
5431
1585
5503
1313
912
6928
6174
4849
3342
4032
3313
9330
2882
68
8898
1513
2358
1403
8233
7746
7155
3312
2681
6350
4756
7647
5202
5391
6344
7589
8194
7065
4424
1728
2239
4289
705
6142
210
6827
3318
7296
2506
1248
2074
3580
550
9731
6124
4943
8751
2241
3983
9098
8529
3162
7031
144
9039
3845
4780
1796
4018
7326
5659
6015
8340
4624
585
6380
9693
1217
4082
8238
529
2146
4393
4875
6310
9357
3396
5185
9801
7836
1155
4601
5754
4810
5290
1882
9130
110
7623
6631
7421
5753
7992
8510
4394
4915
6408
6623
7917
2558
5847
2260
1211
4831
944
9705
393
497
4724
8073
5402
4978
8464
8160
9595
1437
9942
5055
7262
2187
3649
1153
975
3536
7516
8286
9730
7721
4931
1120
7796
6761
4620
7130
9407
9646
9695
1462
1778
4674
660
565
1148
1819
107
7084
551
205
3236
2251
1490
3459
1301
5597
7287
8396
140
9580
1516
8868
5830
4946
1200
8572
4213
4677
3435
6388
8855
2465
9061
3474
4030
2403
2768
9788
8548
9559
7124
3365
7051
9125
5396
8665
8681
9836
4850
5772
7822
2893
5346
4217
5177
7643
9147
5965
1999
3245
2644
1572
9886
9359
2980
3898
2290
4682
832
3859
7550
626
5341
7983
2240
664
3573
3843
8444
1754
7139
4007
9059
1117
4954
4441
7353
196
9728
82
6971
4642
3087
226
9389
5808
3993
9307
9113
1979
2136
1228
8122
516
9206
2716
3554
5815
6922
3048
3841
5981
9795
1134
87
3742
213
5947
334
5489
8348
2649
6811
1037
9319
8323
4318
9498
2141
4091
859
539
7832
771
4703
2671
5539
7991
1909
6683
1580
6629
7486
2117
2857
5548
8038
8370
774
5039
5086
8208
602
9029
1965
754
5358
9604
2003
9923
3610
9353
1632
2265
4234
7041
4255
3701
5655
6586
1626
9627
9780
869
8989
7620
9755
8264
1717
5116
4577
4511
8150
3764
5004
5702
8358
7395
1742
7584
9218
9825
4678
7306
8957
7518
8865
248
6206
2565
3857
1156
6648
4329
7664
8844
4035
970
9210
2428
4589
268
3221
6255
7813
5705
2835
779
2591
8763
6050
8271
1466
2370
3402
3801
1541
5844
4541
1689
8658
5287
7415
4332
690
330
5589
3054
4930
243
4792
3848
2789
6588
1565
1623
1877
8135
247
9562
7489
8870
2215
4309
6378
4472
510
3619
5510
4651
9733
8795
7517
4384
9779
1863
8555
185
8896
4192
7060
5385
2557
9003
5415
5669
36
5628
8899
6916
8645
8257
9722
9171
7580
6846
6241
6576
2448
7639
4517
3376
1801
8488
9148
6645
6033
5900
3010
8277
1816
7562
4156
8077
8016
5411
678
4281
4964
4940
3417
2845
2339
4853
5794
1846
8152
5069
9062
7539
2735
5311
7255
8117
3548
3947
8535
8425
6307
6113
2596
9555
2145
296
6541
4012
6662
3626
6284
3327
5849
8263
4825
2258
1285
291
6358
1216
9351
7090
7726
9485
3659
9295
2832
605
7145
6599
7604
7921
6127
1257
3918
883
5915
2319
3200
3532
3237
1639
7585
4302
3534
7088
6116
4676
470
504
2171
1400
9477
2981
1067
1715
2674
1894
7305
6225
3586
3545
1234
8534
1019
1481
6707
1440
1718
2637
1158
3227
7591
1077
8294
2346
450
1007
3839
9839
4373
2073
594
4072
3716
8559
6242
9040
8599
1848
2253
6520
8894
6863
2060
4271
9706
1009
612
9882
2395
2010
9397
3711
5618
3420
6566
3902
7058
5875
2831
6896
2788
5186
9775
3551
9493
6066
6889
4184
1743
5555
2308
6780
8901
6336
1083
2924
9561
8924
3727
7484
9945
5890
8729
5684
2447
9501
3031
1044
7754
4653
6708
4480
5107
456
6839
6270
4219
3699
9534
858
1755
9570
9641
3022
619
6022
5102
6267
3922
469
2430
3672
885
9911
5248
618
6199
8632
3937
1157
987
1075
4844
338
2940
7280
4891
6330
3875
9170
3103
7193
8153
3885
7381
8802
6820
3888
9873
6360
7221
8391
3920
8092
6145
6853
8005
4003
5331
7046
7667
2701
6401
2767
3345
5824
397
748
1981
6840
3350
8433
1810
4101
7298
5945
8014
9010
4495
2170
8036
7924
2553
746
2605
4840
1814
297
8050
6325
6409
8422
4828
1166
5373
1430
4546
9834
6445
3518
5176
4972
3308
7380
9698
1029
7069
9792
2890
8852
6978
1808
2524
5420
2285
5932
2782
9215
1051
3053
6992
5804
6120
9324
8022
4627
1875
7869
5040
5456
7697
9191
2082
7546
7103
5647
6601
3478
7979
5117
1485
3882
7969
7067
968
6197
2234
3351
6673
9630
6589
7571
3814
716
4304
3867
206
1868
7452
8205
1096
764
1913
7544
5939
7527
3570
2559
596
2090
4229
1477
990
5819
939
9835
1636
891
4697
4453
1528
3954
4523
6774
3125
5976
8088
3157
8475
6945
471
9262
8993
3926
3138
7895
8482
4818
8634
8021
2887
4617
229
3042
3143
1957
9264
1680
7883
511
5734
6237
3596
6882
4790
9328
9234
7862
8838
7214
7812
2101
9824
6518
780
8690
8771
7609
5422
1478
104
4242
4008
3080
7801
9784
9403
6202
8026
2592
696
7397
4131
4327
139
4965
5891
7102
5999
8307
9519
5438
4862
8946
5262
3817
6927
1074
1144
4795
4629
5003
6816
9652
9883
9356
5274
9254
5159
4548
2198
7022
7973
706
2382
305
6943
5638
9808
7407
9860
6932
75
4902
6856
6407
3657
5473
1584
3638
7374
5660
5979
8569
5634
7457
5545
1178
5516
9684
1766
806
2398
6552
1202
6394
2201
8876
6813
5626
6154
406
216
2528
2908
4482
4835
6540
3689
8093
5744
5737
9691
2822
1561
9109
643
7555
3511
4313
4161
2729
3482
2479
4535
4303
2743
3806
7239
7640
2918
5742
5389
7429
8832
5882
7756
9151
9919
6884
1316
4894
151
2603
2202
4222
4520
5769
6656
1931
4404
8443
1917
3585
4147
3442
1461
6416
4252
8969
6119
6123
4975
1621
5962
436
3044
4136
3101
9070
3218
2077
4259
366
1143
4839
3394
903
4262
7095
5587
7304
3872
867
7273
7379
1411
383
9590
6371
1433
5687
8030
4564
1898
9400
3426
6277
5345
4670
3881
5093
3291
3382
3282
7995
5437
3305
5528
5551
3812
368
4397
5218
4526
3652
1471
7177
4644
6944
8884
6551
4986
2562
2927
2221
8345
8713
9881
7033
7513
4088
3563
6724
5580
344
2763
7912
3346
570
1708
9528
9455
3447
1928
8344
2144
1276
8272
3994
734
8483
6057
8738
4805
1084
9793
77
2964
2083
2302
9859
1206
1210
2769
3714
7231
6860
5457
5231
3147
407
3341
3973
2805
2152
6489
7083
8882
2961
577
10
3494
4860
5782
6053
7778
2409
5481
5367
8315
6737
8267
6999
8163
9723
1832
2594
1927
8680
160
390
2268
1473
7909
5300
2696
2483
8576
7724
7351
4307
9104
9058
8893
5381
1072
4399
8058
1329
3127
8064
8997
1961
7871
7511
5181
3810
3301
9711
7587
4430
9487
9471
1637
9240
1659
1300
2166
9426
5611
6375
2615
1807
6106
755
5203
5854
8639
929
1339
7126
7422
7101
2297
909
11
9405
7402
6502
7695
2254
3270
868
5412
976
639
6918
4998
1649
7178
9504
7694
9620
6238
4312
7132
733
3738
2071
7487
2378
3690
3502
6859
2347
5303
9183
8281
4104
6101
2143
2350
4787
5479
6459
2349
1517
7195
8154
7558
5406
4092
580
1972
2227
9024
5699
6580
2880
246
3280
8169
6324
4188
2991
4753
1483
7156
1598
9953
3096
6108
3489
274
8812
3381
4279
6148
8147
204
913
8304
7448
1273
4573
380
3765
1489
1871
3374
7318
5154
6755
2930
89
4585
6335
2985
2167
1097
350
763
6460
572
2777
7112
3729
5016
8202
7533
1645
2944
5888
1138
9124
8368
9560
1817
5333
654
9514
4563
9007
7430
3650
3391
58
1167
5695
3818
6503
518
3924
2474
4766
947
1476
5061
8840
2113
7394
9920
8308
2084
6904
3370
4401
6088
8815
8833
69
9744
9908
3248
1605
8212
5226
5656
6181
2896
9840
3773
6664
9878
9476
8777
6709
484
9190
4437
2647
6982
2798
8936
6465
4083
3660
611
9364
795
7644
4757
1841
3946
6340
4265
3170
9434
6838
546
7696
934
7543
3740
7137
5991
564
3247
5493
5064
3150
4422
6121
7045
6678
5621
685
8783
4204
8659
1169
3784
5840
8722
5013
2093
9188
6980
5022
7588
1518
824
7420
5487
5746
1994
2714
9345
2999
4494
554
3238
6343
8915
365
4069
627
7062
9478
8470
8759
6964
4041
9500
8905
4731
3219
5419
95
8227
2458
5366
6568
4960
2407
1284
5219
1415
2389
7269
2624
7205
8428
5408
9907
8791
9858
4107
97
3075
7290
8877
6165
8502
1954
414
4951
45
7341
1667
7629
9734
3758
5865
2153
9533
8200
7024
2462
6025
7423
3250
1892
7971
2608
3144
5477
7268
5207
5270
5052
7864
1647
4010
614
9333
9811
2883
6476
8318
1208
9589
9362
6506
7373
9415
8873
6490
6000
5175
3487
9481
5717
8514
3735
1397
5668
8504
1685
3530
6705
4607
1613
1395
4126
3916
7766
9100
389
7820
5573
9495
155
9311
3635
3401
1335
7474
2966
153
9015
7561
8261
3769
3529
2360
7970
7052
480
7150
7108
6529
9409
5938
9685
7890
3464
2126
4473
8139
5507
5921
4519
9459
5578
2162
3300
8162
5334
5560
7732
1408
9845
1119
6230
3109
3453
38
8938
6080
6534
105
8446
1746
1036
6651
3736
1936
6808
3367
9197
1998
1246
7873
1804
2034
4575
7710
5380
8571
8057
9549
5703
9581
7993
5648
2820
4019
6429
5756
7646
6765
5261
2411
9876
6370
6660
2025
2037
4353
7918
6397
5843
1140
7537
7254
5122
9710
6097
1124
3591
3927
8769
3073
745
4765
7012
4716
9609
7510
4481
2894
9456
6232
3990
7930
2000
3357
8164
4
2956
4743
8721
9335
5214
5085
2978
834
4328
5752
6862
7435
8390
8567
8289
8940
9748
3256
3693
3060
4767
8392
5707
9030
6824
6726
5571
1184
4294
2433
526
4836
5
6398
2951
485
16
8280
1341
5432
28
2109
9135
6674
8888
8231
6077
8606
2214
2533
3113
9663
6425
1386
2826
4178
8372
3840
2746
5645
8512
7985
8603
3316
6542
2415
8661
5567
5429
428
7692
3441
8129
4230
889
833
971
1057
7110
6617
4200
6292
4110
3086
8930
2771
713
4159
9961
2269
938
5255
7329
902
9782
7097
8377
677
6105
9329
1224
351
3939
724
3682
6311
9758
7324
5977
4532
2934
5934
2259
2819
963
2538
2665
672
3834
9158
2728
7284
2024
2499
3668
5811
9245
3061
1635
5922
6535
7882
2579
2011
998
8327
3106
4165
830
7554
8866
7723
9192
5704
2425
756
8420
6914
7307
5307
4565
9826
9110
4027
1720
5760
578
8382
9578
4439
8149
4295
6997
7372
3233
6351
1319
3231
7563
6129
4102
5157
9371
3452
7439
1472
8435
9466
8013
5878
6885
4662
5996
5721
8302
924
8823
1845
9034
24
3035
4726
8001
1494
4681
1417
96
3319
6118
9530
5709
1241
6619
509
2311
4886
7359
3678
9849
7707
7700
5615
9599
991
4901
838
4545
8770
8666
6696
3009
1678
3408
1492
7699
4572
1880
8517
8311
6560
1384
9175
6021
3051
220
5923
5919
4264
2004
6887
9203
9200
2363
6581
8259
7222
2154
8605
1381
9579
8549
5194
5119
4514
6104
7878
6431
3091
2544
261
5155
1874
8262
7785
6507
5129
8140
582
9078
4487
9617
3100
2105
5355
6133
3006
9661
9419
1982
5646
1122
7181
2736
4568
762
4416
9004
777
7662
467
7356
8955
3463
2588
1815
9474
3438
1459
5112
6251
527
7493
1388
303
1699
507
1559
9420
704
7911
4119
4270
7320
3153
7648
6328
2217
8083
1343
3950
540
4715
5683
8526
5180
1666
2296
8354
6458
8053
1327
6871
4626
3683
2545
8856
5401
9507
4518
7087
7152
12
7854
331
6883
1547
3470
9587
6396
1344
8136
56
7385
451
5166
3343
5372
7425
4968
4185
5521
6265
598
7618
7016
5065
4893
8028
3653
5537
1359
4337
7245
7742
8638
5450
571
7123
905
8191
5758
5474
2009
3481
3181
2972
1526
691
3824
7500
5736
8530
108
5365
6039
1458
1373
1258
2937
645
9554
8040
4256
1275
601
4493
5252
2869
6233
392
2089
5081
3526
8757
7908
3336
5070
6754
7701
2069
3582
1676
6717
5992
8992
5160
6851
6016
7900
2881
7840
6013
1116
6605
4282
8094
6187
4186
7207
5232
5710
9640
4042
1989
7954
896
8839
5845
4211
6998
3514
5982
6557
4976
9867
483
7243
2168
6381
5436
6969
6178
9602
1671
7927
3681
5544
1966
2317
3516
4981
2602
8474
4293
5508
3731
9085
3938
4958
2747
3130
280
7433
5924
8342
8070
9413
3663
1256
4625
3553
3793
6767
5588
3697
1587
4561
1445
3071
42
7106
4491
4567
2878
5058
9411
7285
6130
3981
7685
1085
2120
7863
3989
1186
88
8071
3077
1260
4049
6622
3790
9509
8697
7414
6268
9120
5295
3623
9724
2861
6549
6878
2640
8329
2786
3013
3271
5630
6938
6872
2028
5661
4198
5269
4414
2286
6183
9838
2179
223
2292
1133
7666
9063
1724
1763
7116
177
298
9470
5215
2766
1424
2958
7044
4365
7482
7105
9304
7615
5397
6220
495
6569
4379
6967
2525
8196
2670
9925
4078
5755
9729
3186
4846
2576
9490
4827
6769
911
1916
6756
1294
6318
7910
8414
9778
3204
9547
814
784
3799
4261
332
641
8821
2874
1934
9243
2628
3119
7066
3131
7839
7176
71
5607
9955
7938
4641
6684
2207
772
8747
4884
6703
5428
9406
6841
8255
6420
2721
7246
6960
3979
4071
7282
9954
7002
3533
2600
8190
6063
5556
5778
4111
3205
2270
4570
7473
7928
4803
9874
636
3567
6951
26
4656
2517
2898
2238
8595
9387
6316
8113
2195
8837
6481
6368
2301
37
7936
7449
7358
5774
8406
1903
2228
3594
6939
1884
9831
7276
1511
9829
4962
9591
64
51
4323
3767
3702
702
5273
8454
4382
6598
7442
481
9231
6950
9506
6577
7454
4508
8983
3
3671
7068
8562
5342
9229
7899
3955
1955
4837
4588
4699
758
4162
5059
2306
992
1493
3116
2001
4687
728
3183
267
2606
5146
9238
4006
2554
1409
4149
9922
1181
5384
1069
6198
8045
1340
815
4847
1566
4403
7477
8966
4959
2151
5002
9009
628
8991
9310
3931
782
2065
2086
4079
6254
6608
466
5356
7419
6508
9664
6743
7682
8956
1145
357
6669
6412
7729
4748
1126
7147
1582
1238
3288
9765
4854
2733
1787
9235
836
1914
1726
2466
8669
4283
8995
6283
589
1756
4199
3123
9697
6190
7593
111
255
123
7352
8628
5767
3368
7253
3064
8002
6554
159
8198
5678
5727
7747
1328
1749
9272
6691
292
7923
3656
148
5805
3120
2702
8689
6389
6083
5072
5995
6414
9205
2305
419
4793
9112
361
6485
3642
2773
9916
1550
9862
7355
5896
4128
6400
9803
3975
3338
9521
2188
5881
3760
4168
67
2039
8187
3363
5108
4233
1951
9369
2042
9856
5339
5284
3811
4355
3421
5663
2947
7023
4014
4733
6519
9286
4047
2175
1179
376
3739
1895
4142
9938
6497
4067
7392
5927
3505
6845
3593
5253
1177
7476
4024
2026
3195
996
3750
5453
5872
1855
1396
3724
8895
2632
9619
4816
1187
3412
5338
8861
9251
624
5886
3404
4241
3566
9802
1168
2500
8298
3528
7463
882
7926
7851
3278
683
1784
2029
2646
1452
6087
5027
364
3477
9196
3322
9658
1919
8322
1421
7161
532
8009
6078
1617
6985
712
4087
1620
5141
9539
4193
1940
3749
8532
3929
4522
8118
2791
7717
1207
2118
6741
8456
3498
877
3723
2094
7775
9226
8906
593
7468
7733
1201
3768
174
4917
8507
597
4934
2475
9298
8062
4869
9299
5198
555
9947
5128
4169
1729
6952
5653
8487
9258
568
6246
5730
3855
6993
7905
6538
3578
6739
2849
969
2599
8671
3579
488
7310
6736
1028
8951
5278
6797
1412
4635
3777
6687
137
2017
2376
4016
476
2568
1748
8655
9278
7369
2864
2147
4867
8707
8141
7798
2413
4751
4885
8011
4226
862
9681
2548
9719
9841
3776
4367
2834
9372
4883
6641
4017
8469
9326
5498
9887
5910
4085
9888
5848
6383
5850
3409
4070
5386
2081
2689
2092
4746
5094
1604
6352
3264
4273
2031
3996
4239
3704
6366
6723
6427
6002
3039
8081
581
3165
1522
2300
7496
3535
2
2852
8438
1506
8217
7655
5424
9624
3152
2842
9952
8387
9512
2776
8400
6784
2797
5866
4432
3630
4824
2501
461
6564
1151
5747
4701
8404
2916
928
1171
408
7953
870
7061
1469
4704
5967
5781
2712
8215
9442
1818
2911
1298
4773
4684
3557
5239
9909
9910
7660
3439
6610
1230
3602
3862
1907
4631
2032
9418
4610
7153
8900
1025
6164
4221
3627
4272
1078
9615
7294
7776
791
1123
3654
2040
1311
1004
9584
8419
4058
8395
1785
9563
9421
6160
2480
3257
6011
5060
9383
3431
2112
5871
1564
9715
7988
1675
2589
7902
6296
818
9096
6849
2941
5057
7951
5442
1837
9683
7220
7633
8685
209
6046
167
1761
3274
3644
2650
6387
8337
7885
5205
647
5973
1092
1624
4212
2622
7074
9232
8035
8579
5713
4929
1535
1925
3988
7215
9596
9891
7393
7860
6970
2770
663
6449
8293
5229
8911
4257
9352
3287
9022
4026
5873
5010
5564
7827
6042
4890
7519
4558
7172
3403
2293
548
9647
4939
8111
4832
9242
9632
6156
8349
6615
3128
4086
6910
3785
4263
3890
5672
373
7534
5823
3208
6795
8132
2444
4108
2129
7772
1864
3763
9819
966
8811
9038
9239
6248
2561
3495
9820
4245
765
9018
3000
5898
4339
5798
8631
5293
1897
6437
9344
6333
3634
6720
3397
2165
2573
6473
8082
126
141
4468
6778
5766
7614
1375
8159
9924
7168
3561
866
854
2020
9309
1557
8168
8540
254
3732
4813
8542
4364
707
8260
7056
7547
9637
7157
7540
1484
5821
2948
6511
3215
4574
5714
1835
1315
4593
4176
1302
2352
4466
5475
3550
4693
3068
8018
7490
4879
6176
7368
9754
2364
1532
642
4584
4372
8937
8730
3906
448
9608
9128
4531
2159
17
8380
7107
3145
7424
4417
5640
5323
5486
3985
6447
4492
4741
6468
7661
7523
3832
4171
7568
6173
9776
8963
3708
5208
8921
8640
7595
6074
2079
5257
6837
86
8784
5708
3688
6593
615
5393
100
4906
3527
3957
6262
138
7119
5534
920
1282
9296
4075
7768
6212
9167
8019
6783
1363
7291
3220
9338
9628
6990
6353
9006
2176
2654
7098
6877
3756
8715
7715
9323
8087
1030
3476
6221
502
7607
7749
4125
1745
4296
7077
3780
9812
6249
6014
1734
9339
4179
4359
4714
3032
3085
2717
8872
9944
9248
2825
3182
1464
9741
5549
5045
3400
6745
2919
2328
4804
4357
2784
4736
1660
7619
7704
2314
9366
9807
7681
5575
1213
5718
8810
7008
1721
7149
8808
5328
7881
1165
6261
5417
8913
2684
73
778
2610
6575
9374
7957
3669
1771
9410
2968
8466
2046
2041
348
2731
514
8776
7767
3222
5056
9892
15
9756
4739
8820
6037
6718
4534
7451
3199
1198
3501
591
3389
6746
4240
7441
2139
249
3915
9517
7843
9735
7196
319
7975
9668
8075
7053
5124
4109
3392
5682
8222
9622
5344
2806
309
4203
5138
8594
8017
7893
2263
5163
6995
8066
1873
421
8829
2783
7115
3974
1893
6141
4080
3575
6285
7003
7751
6234
7731
4196
6727
7937
2800
7406
4999
768
671
6715
8557
2996
2390
3059
4174
9273
741
1263
1758
2616
648
8025
710
9522
1762
2954
2231
7361
2440
3877
3349
7075
4360
837
3496
4076
425
1640
3135
2362
610
3159
9414
7383
7962
7009
5095
6090
9332
5148
2486
8374
5321
7984
1971
4539
9102
4661
9091
6595
6444
7628
1504
8533
2995
7727
6573
1314
9877
9105
1924
7750
337
9588
9432
2847
8063
8465
434
7716
588
7146
8116
4292
3192
7479
8042
7467
6488
2426
199
4657
270
8375
2537
3860
4497
5771
4720
9378
4619
8801
1851
4210
8407
6162
4237
317
9181
7600
8745
6480
3292
4932
7548
6565
4363
6908
7522
7154
2666
2943
3782
3283
1000
5376
3440
9903
7603
8944
1091
740
3686
4686
2456
3887
7612
3179
9385
120
3953
6179
5109
5870
2759
5403
4483
1176
3722
959
7458
8960
3493
1262
7947
7598
4928
6867
8219
2949
40
5088
225
4106
7224
2752
6433
2185
208
5011
8942
8642
2704
759
6072
7683
592
6801
9494
477
4740
103
1769
9075
2673
8961
9106
8860
5529
9958
6362
2281
7134
8123
8360
6391
9660
7170
7986
5532
9297
5983
1332
4750
5864
260
3584
1552
3515
4785
2096
9083
6428
6204
6654
2023
974
8914
6531
6911
2498
3111
7679
4053
3895
8554
5584
7342
9707
1930
6070
7997
3945
655
4926
3966
8180
1182
8432
8490
2990
6996
864
5631
5430
4269
6657
9346
587
3998
569
2304
415
1045
6544
252
5901
3253
5807
3302
6086
4343
6652
6280
2761
1255
2088
2683
6886
2051
2744
9320
5211
324
3828
1307
6012
5600
3637
972
6527
4549
1352
3433
8527
3102
5005
5134
2862
1378
6501
4253
3569
7275
5918
5455
341
4752
4666
5233
2470
8498
8179
884
9274
4134
3786
3964
533
4711
2087
6102
7814
6214
7217
29
2848
918
5956
4278
1976
435
8609
1529
2629
8835
4814
2492
9749
8849
8863
3041
3804
6957
7616
827
4342
8363
4683
6054
4286
9855
735
5561
979
9535
6823
2945
1402
4476
3040
7904
2960
4402
9049
6545
7039
9207
6315
9671
4611
3588
2434
6150
3903
6111
6240
5749
8181
5960
447
6140
9349
3168
7398
4287
1775
7781
9292
4197
1180
2164
5862
6157
7856
4542
6135
5916
3620
8225
5739
8051
8954
2169
3940
861
8733
1615
4694
6166
1387
6825
1407
6134
1
3971
6282
7311
2419
4421
5905
4614
1556
8325
4553
5014
2273
4916
8297
289
39
5313
4815
661
3484
950
7299
7410
8027
1063
1562
3240
5171
1239
1586
4700
7939
5263
2045
6215
3267
